368,6
368,5
368,4
368,3
368,2
368,1
367,6
367,5
367,4
367,3
367,2
367,1
366,5
366,4
366,3
366,2
366,1
365,5
365,4
365,3
365,2
365,1
364,6
364,5
364,4
364,3
364,2
364,1
363,5
363,4
363,3
363,2
363,1
362,6
362,5
362,4
362,3
362,2
362,1
361,5
361,4
361,3
361,2
361,1
360,6
360,5
360,4
360,3
360,2
360,1
4294967294,989
359,5
359,4
359,3
359,2
359,1
358,5
358,4
358,3
358,2
358,1
357,5
357,4
357,3
357,2
357,1
356,5
356,4
356,3
356,2
356,1
355,5
355,4
355,3
355,2
355,1
4294967294,439
354,5
354,4
354,3
354,2
354,1
353,4
353,3
353,2
353,1
352,5
352,4
352,3
352,2
352,1
351,5
351,4
351,3
351,2
351,1
350,6
350,5
350,4
350,3
350,2
350,1
4294967278,409
4294967278,408
4294967278,407
4294967278,406
4294967278,405
349,6
349,5
349,4
349,3
349,2
349,1
348,6
348,5
348,4
348,3
348,2
348,1
347,5
347,4
347,3
347,2
347,1
346,5
346,4
346,3
346,2
346,1
345,6
345,5
345,4
345,3
345,2
345,1
344,5
344,4
344,3
344,2
344,1
343,6
343,5
343,4
343,3
343,2
343,1
342,5
342,4
342,3
342,2
342,1
341,6
341,5
341,4
341,3
341,2
341,1
340,5
340,4
340,3
340,2
340,1
339,5
339,4
339,3
339,2
339,1
338,5
338,4
338,3
338,2
338,1
4294967278,404
337,5
337,4
337,3
337,2
337,1
336,5
336,4
336,3
336,2
336,1
335,5
335,4
335,3
335,2
335,1
334,4
334,3
334,2
334,1
333,5
333,4
333,3
333,2
333,1
332,5
332,4
332,3
332,2
332,1
331,6
331,5
331,4
331,3
331,2
331,1
4294967278,403
4294967278,402
330,6
330,5
330,4
330,3
330,2
330,1
329,6
329,5
329,4
329,3
329,2
329,1
328,5
328,4
328,3
328,2
328,1
327,5
327,4
327,3
327,2
327,1
326,6
326,5
326,4
326,3
326,2
326,1
325,5
325,4
325,3
325,2
325,1
324,6
324,5
324,4
324,3
324,2
324,1
323,5
323,4
323,3
323,2
323,1
322,6
322,5
322,4
322,3
322,2
322,1
321,5
321,4
321,3
321,2
321,1
320,5
320,4
320,3
320,2
320,1
319,5
319,4
319,3
319,2
319,1
318,5
318,4
318,3
318,2
318,1
317,5
317,4
317,3
317,2
317,1
316,5
316,4
316,3
316,2
316,1
315,4
315,3
315,2
315,1
314,5
314,4
314,3
314,2
314,1
313,5
313,4
313,3
313,2
313,1
312,6
312,5
312,4
312,3
312,2
312,1
4294967278,401
4294967278,400
4294967278,399
311,6
311,5
311,4
311,3
311,2
311,1
310,6
310,5
310,4
310,3
310,2
310,1
309,5
309,4
309,3
309,2
309,1
4294967278,398
308,5
308,4
308,3
308,2
308,1
307,6
307,5
307,4
307,3
307,2
307,1
306,5
306,4
306,3
306,2
306,1
305,6
305,5
305,4
305,3
305,2
305,1
304,5
304,4
304,3
304,2
304,1
303,6
303,5
303,4
303,3
303,2
303,1
302,5
302,4
302,3
302,2
302,1
301,5
301,4
301,3
301,2
301,1
300,5
300,4
300,3
300,2
300,1
299,5
299,4
299,3
299,2
299,1
298,5
298,4
298,3
298,2
298,1
4294967278,397
297,5
297,4
297,3
297,2
297,1
296,4
296,3
296,2
296,1
295,5
295,4
295,3
295,2
295,1
294,5
294,4
294,3
294,2
294,1
293,6
293,5
293,4
293,3
293,2
293,1
4294967279,481
4294967279,480
4294967279,479
4294967279,478
4294967279,477
4294967278,396
292,6
292,5
292,4
292,3
292,2
292,1
291,6
291,5
291,4
291,3
291,2
291,1
290,5
290,4
290,3
290,2
290,1
289,5
289,4
289,3
289,2
289,1
288,6
288,5
288,4
288,3
288,2
288,1
4294967279,476
287,5
287,4
287,3
287,2
287,1
286,6
286,5
286,4
286,3
286,2
286,1
285,5
285,4
285,3
285,2
285,1
4294967279,475
284,6
284,5
284,4
284,3
284,2
284,1
283,5
283,4
283,3
283,2
283,1
282,5
282,4
282,3
282,2
282,1
281,5
281,4
281,3
281,2
281,1
280,5
280,4
280,3
280,2
280,1
279,5
279,4
279,3
279,2
279,1
278,5
278,4
278,3
278,2
278,1
277,4
277,3
277,2
277,1
276,5
276,4
276,3
276,2
276,1
275,5
275,4
275,3
275,2
275,1
274,6
274,5
274,4
274,3
274,2
274,1
4294967279,474
4294967279,473
4294967279,472
4294967279,471
4294967279,470
4294967278,395
273,6
273,5
273,4
273,3
273,2
273,1
272,6
272,5
272,4
272,3
272,2
272,1
271,5
271,4
271,3
271,2
271,1
270,5
270,4
270,3
270,2
270,1
269,6
269,5
269,4
269,3
269,2
269,1
268,5
268,4
268,3
268,2
268,1
267,6
267,5
267,4
267,3
267,2
267,1
266,5
266,4
266,3
266,2
266,1
265,6
265,5
265,4
265,3
265,2
265,1
264,5
264,4
264,3
264,2
264,1
263,5
263,4
263,3
263,2
263,1
262,5
262,4
262,3
262,2
262,1
261,5
261,4
261,3
261,2
261,1
260,5
260,4
260,3
260,2
260,1
259,5
259,4
259,3
259,2
259,1
258,4
258,3
258,2
258,1
257,5
257,4
257,3
257,2
257,1
256,5
256,4
256,3
256,2
256,1
255,6
255,5
255,4
255,3
255,2
255,1
4294967279,469
4294967279,468
4294967279,467
4294967279,466
254,6
254,5
254,4
254,3
254,2
254,1
253,6
253,5
253,4
253,3
253,2
253,1
252,5
252,4
252,3
252,2
252,1
251,5
251,4
251,3
251,2
251,1
250,6
250,5
250,4
250,3
250,2
250,1
249,5
249,4
249,3
249,2
249,1
248,6
248,5
248,4
248,3
248,2
248,1
247,5
247,4
247,3
247,2
247,1
246,6
246,5
